<?xml version="1.0" encoding="utf-8"?>
<opencv_storage>
   <camera-matrix type_id="opencv-matrix">
      <rows>3</rows>
      <cols>3</cols>
      <dt>d</dt>
      <data>1765.6744764833581485 -0.2716969228992411 637.1033819601126424 
0.0000000000000000 1766.2288851625587540 499.2996907250403069 
0.0000000000000000 0.0000000000000000 1.0000000000000000 
</data>
   </camera-matrix>
   <distortion type_id="opencv-matrix">
      <rows>5</rows>
      <cols>1</cols>
      <dt>d</dt>
      <data>-0.1478698420999232 0.4912608851001862 -0.0006795205075496 -0.0020072212495043 -1.0575890147778895 </data>
   </distortion>
</opencv_storage>