<?xml version="1.0" encoding="utf-8"?>
<opencv_storage>
   <camera-matrix type_id="opencv-matrix">
      <rows>3</rows>
      <cols>3</cols>
      <dt>d</dt>
      <data>1762.9249306562303445 -0.6262240074893506 639.5555767840614863 
0.0000000000000000 1763.7231998164954803 500.6260482115569630 
0.0000000000000000 0.0000000000000000 1.0000000000000000 
</data>
   </camera-matrix>
   <distortion type_id="opencv-matrix">
      <rows>5</rows>
      <cols>1</cols>
      <dt>d</dt>
      <data>-0.1485283680744029 0.5620384336577136 -0.0004375375184631 -0.0016598492572206 -1.6252483698365390 </data>
   </distortion>
</opencv_storage>